road_size = 300
short_laps = 20
med_laps = 40
long_laps = 80
short_bikers = 40
med_bikers = 150
long_bikers = 337
Time values are written in the stdout, and memoryusage is written in the output file.
---> SHORT_LAPS
     ----> SHORT_BIKERS
6.41
5.87
5.35
5.27
5.55
5.54
5.53
5.78
5.79
5.94
5.72
5.88
5.38
5.82
5.56
5.83
5.64
5.80
5.59
5.73
5.44
5.35
5.72
5.58
5.64
5.66
5.69
5.34
5.67
5.66
     ----> MED_BIKERS
22.25
23.28
21.96
21.82
22.60
24.14
23.02
22.66
22.73
21.16
24.22
22.73
22.10
22.97
21.68
23.20
22.32
21.87
22.06
22.95
22.21
22.15
22.05
22.62
23.01
22.72
22.94
22.26
23.02
21.76
     ----> LONG_BIKERS
54.41
56.32
55.89
52.90
51.32
53.67
56.20
51.61
52.81
65.24
49.22
47.78
51.14
49.95
49.97
51.62
51.39
50.49
50.67
50.67
51.31
51.86
49.36
50.99
49.48
48.96
49.63
49.94
51.66
49.97
---> MED_LAPS
     ----> SHORT_BIKERS
10.45
10.10
10.20
9.82
9.85
9.60
9.90
9.98
10.17
9.74
10.01
9.76
10.16
9.66
9.62
9.75
10.10
10.08
9.72
10.22
9.70
10.32
9.57
9.78
10.10
9.93
9.74
10.19
9.80
9.89
     ----> MED_BIKERS
39.91
39.38
40.08
39.54
37.94
42.94
39.09
44.77
45.20
45.90
44.85
44.90
48.60
41.09
47.90
45.26
48.80
60.77
61.61
60.39
61.58
61.24
55.71
63.49
59.86
51.89
53.52
53.04
56.10
51.64
     ----> LONG_BIKERS
121.43
110.99
103.36
118.99
99.38
104.51
139.66
132.74
134.32
117.22
116.20
137.39
129.18
114.79
122.88
116.80
128.65
118.53
132.00
109.62
129.56
96.17
98.42
94.96
95.64
95.50
99.52
99.18
99.97
116.86
---> LONG_LAPS
     ----> SHORT_BIKERS
21.84
21.62
19.34
21.59
18.78
20.82
18.53
20.86
22.49
23.87
21.74
23.39
24.18
24.17
25.35
19.78
25.49
23.52
19.05
19.03
21.76
19.29
18.05
18.98
19.93
21.55
21.55
20.04
19.27
19.20
     ----> MED_BIKERS
76.46
75.92
74.28
73.66
75.07
74.37
73.83
76.65
74.31
75.87
73.97
75.12
74.82
75.38
76.35
76.14
73.80
75.34
74.77
81.13
75.14
75.30
76.19
80.49
75.89
74.67
74.40
77.38
75.59
74.88
     ----> LONG_BIKERS
185.52
189.21
181.71
182.42
190.21
185.29
183.01
188.69
180.90
184.58
182.44
184.41
191.69
185.71
181.15
184.28
176.89
185.68
185.60
185.82
181.39
179.15
180.67
180.47
181.90
180.06
181.62
186.66
176.64
185.52
